#arxiv:1610.00854##
##GRBs ID Redshift µ σµ Ep,i (keV) σEp,i Eiso (1052 erg) σEiso##
060 218 0.03351 35.1195 0.933638 4.9 0.3 0.00535399 0.000259064
060 614 0.125 38.6856 1.84671 55. 45. 0.216774 0.0867097
030 329 0.17 38.4667 1.03564 100. 23. 1.47701 0.260648
020 903 0.25 39.9357 1.38443 3.37 1.79 0.00244119 0.000610299
130 427A 0.3399 40.6749 0.95616 1250. 150. 77.0134 7.87637
011 121 0.36 42.9717 1.07033 1060. 275. 7.97042 2.18968
020 819B 0.41 40.8059 1.1032 70. 21. 0.693324 0.175525
101 213A 0.414 42.8313 1.21619 440. 180. 2.72107 0.526658
990 712 0.434 41.5047 0.985045 93. 15. 0.685192 0.131768
010 921 0.45 41.8452 1.0036 129. 26. 0.966894 0.0966894
091 127 0.49 39.7308 0.946699 51. 5. 1.64622 0.176066
081 007 0.5295 42.6995 1.03825 61. 15. 0.176323 0.0176323
090 618 0.54 39.9036 0.925708 250.404 4.466 28.5912 0.523898
100 621A 0.542 41.4047 0.975989 146. 23. 2.82246 0.352807
060 729 0.543 42.2564 1.32376 77. 38. 0.423384 0.0882049
090 424 0.544 42.0376 0.927353 249.974 3.3196 4.06569 0.352833
101 219B 0.55 42.5063 0.951189 108. 12. 0.626413 0.061759
050 525A 0.606 41.6888 0.940851 129. 6.5 2.29843 0.486207
110 106B 0.618 43.7538 1.07668 194. 56. 0.734033 0.0707502
050 416A 0.6528 41.8718 1.00894 22. 4.5 0.10625 0.0177083
111 209A 0.677 43.7533 0.983363 520. 89. 5.13951 0.620285
080 916A 0.689 43.868 0.93225 208. 11. 0.975114 0.0886467
020 405 0.69 42.2854 0.928094 354. 10. 10.6379 0.886495
970 228 0.695 43.1984 1.11582 195. 64. 1.64915 0.124129
991 208 0.706 41.2777 0.945272 313. 31. 22.972 1.8626
111 228A 0.716 40.4242 0.95484 58. 7. 2.75042 0.26617
041 006 0.716 41.2868 1.01881 98. 20. 3.10531 0.887233
090 328 0.736 44.393 0.9305 1157.91 55.552 14.1806 0.997201
030 528 0.78 40.8528 0.974974 57. 9. 2.22246 0.266695
051 022 0.8 42.3122 1.13123 754. 258. 56.0394 5.33709
100 816A 0.8049 44.9536 0.94066 247. 20. 0.711714 0.0889643
110 715A 0.82 42.816 0.942884 220. 20. 4.36118 0.445018
970 508 0.835 44.1715 1.08963 145. 43. 0.632199 0.133563
990 705 0.842 42.7009 1.09192 459. 139. 18.7026 2.6718
000 210 0.846 43.8624 0.92956 753. 26. 15.4091 1.69233
040 924 0.859 43.1051 1.13207 102. 35. 0.980131 0.0891028
091 003 0.8969 44.5543 0.999868 810. 157. 10.7036 1.78393
080 319B 0.937 42.9071 0.931116 1261. 65. 117.866 8.92921
071 010B 0.947 42.1526 1.03421 88. 21. 2.3222 0.40192
970 828 0.958 42.9866 1.00157 586. 117. 30.3759 3.57364
980 703 0.966 44.2503 0.957411 503. 64. 7.41683 0.714875
091 018 0.971 42.7535 1.19374 55. 20. 0.625596 0.348546
980 326 1. 43.5588 1.33824 71. 36. 0.500843 0.0983799
021 211 1.01 43.7735 1.20912 127. 52. 1.16296 0.134188
991 216 1.02 42.444 1.00615 648. 134. 69.7948 7.15844
080 411 1.03 43.6536 0.95959 524. 70. 16.1999 0.984526
000 911 1.06 44.5421 1.00544 1856. 371. 69.8621 14.3307
091 208B 1.063 44.5447 0.945957 246. 25. 2.06018 0.179146
110 213B 1.083 43.1534 0.974899 256. 40. 8.3342 1.34423
091 024 1.092 43.1454 0.93459 396.225 25.3132 18.3765 1.99258
980 613 1.096 45.4997 1.27239 194. 89. 0.609565 0.0986062
080 413B 1.1 44.1225 1.08084 163. 47.5 1.6137 0.268951
981 226 1.11 43.7092 1.27607 87. 40. 0.807035 0.179341
000 418 1.12 43.2984 0.940538 284. 21. 9.50723 1.79382
061 126 1.1588 45.0298 1.09402 1337. 410. 31.4187 3.59071
090 926 1.24 43.924 0.945337 212. 21. 4.13637 0.449605
020 813 1.25 42.8407 1.05146 590. 151. 68.3538 17.0885
061 007 1.262 43.3478 0.963166 890. 124. 89.9608 8.99608
130 420A 1.297 42.4236 0.945544 129. 13. 7.74195 0.720181
990 506 1.3 42.8153 1.02406 677. 156. 98.1304 9.90306
061 121 1.314 45.6168 0.953501 1289. 153. 23.5036 2.70156
071 117 1.331 42.5292 1.34174 112. 56. 5.85526 2.70243
070 521 1.35 44.8194 0.949447 522. 55. 10.8135 1.80226
100 414A 1.368 44.812 0.942611 1295. 120. 54.987 5.40856
120 711A 1.405 44.7159 0.94466 2340. 230. 180.405 18.0405
100 814A 1.44 43.2858 0.95932 259. 34. 15.3438 1.80515
050 318 1.4436 43.8132 1.01313 115. 25. 2.30171 0.162473
110 213A 1.46 44.1083 1.11878 224. 74. 5.77844 0.812593
120 724A 1.48 43.9951 1.0662 69. 19. 0.848992 0.180637
10 222 1.48 43.5582 0.929143 766. 30. 84.8992 9.03183
60 418 1.489 45.0134 1.043 572. 143. 13.5498 2.70995
30 328 1.52 42.871 0.978916 328. 55. 38.8622 3.61509
90 102 1.547 45.9243 0.946461 1174. 120. 22.604 2.71248
70 125 1.547 44.0644 0.973486 934. 148. 84.087 8.4087
40 912 1.563 42.781 1.69995 44. 33. 1.35658 0.361755
100 728A 1.567 43.8473 0.927328 833. 23. 86.8265 8.13998
990 123 1.6 44.1755 1.0596 1724. 466. 240.703 38.9106
71 003 1.604 46.5316 0.962389 2077. 286. 38.2795 4.52476
090 418A 1.608 46.8731 1.03718 1567. 384. 17.1951 2.71502
110 503A 1.613 44.6927 0.948442 551. 60. 20.8167 1.81015
990 510 1.619 44.3532 0.946002 423. 42. 18.1031 2.71546
80 605 1.64 45.0375 0.958753 766. 55. 28.0685 14.4869
80 928 1.6919 43.2837 1.03666 95. 23. 3.98686 0.906105
91 020 1.71 45.675 0.960875 507.228 68.208 8.4289 1.0876
10 0906A 1.727 43.2599 0.973643 289. 46. 29.916 2.71963
12 0119A 1.728 44.3889 0.946023 496. 50. 27.1967 3.62623
110 422A 1.77 42.9739 0.944986 421. 42. 79.8218 8.1636
12 0326A 1.798 44.5549 0.94189 152. 14. 3.26663 0.272219
08 0514B 1.8 45.3824 0.948821 627. 65. 18.1484 3.62968
09 0902B 1.822 44.7661 0.925467 2187. 31. 292.271 9.07675
110 801A 1.858 45.1695 1.23345 400. 171. 10.897 2.72425
60 908 1.8836 46.2739 1.28842 553. 260. 7.1761 1.90757
20 127 1.9 45.7854 1.13272 290. 100. 3.72504 0.109025
60 814 1.9229 44.6651 1.11463 751. 246. 56.7086 5.27099
80 3190 1.95 46.5089 1.08858 906. 272. 14.9089 2.99996
81 008 1.9685 44.6084 0.999689 261. 52. 10.002 0.909269
30 226 1.98 44.5553 1.02204 289. 66. 12.7314 1.36408
081 203A 2.05 46.8257 1.31834 1541. 756. 31.853 11.8311
92 6 2.07 43.9293 0.936188 310. 20. 28.5827 6.18989
80 207 2.0858 44.6893 1.56663 333. 222. 16.3877 1.82086
061 222A 2.088 45.8633 0.983381 874. 150. 30.0449 6.37315
100 728B 2.106 46.3176 0.965919 323. 47. 3.55142 0.364248
90 926 2.1062 43.7433 0.925125 900.798 7.02001 228.014 2.27338
11 211 2.14 44.7932 0.957566 186. 24. 5.73888 0.637653
71 020 2.145 47.4073 0.984835 1013. 160. 10.0208 4.5549
509 220 2.199 46.4216 1.06071 415. 111. 5.55991 1.82292
121 128A 2.2 44.9272 0.931098 243. 13. 8.65897 0.820323
80 804 2.2045 46.8579 0.931104 810. 45. 12.0319 0.546906
110 205A 2.22 45.2389 1.20041 757. 305. 48.3171 6.38151
81 221 2.26 43.8782 0.929903 284. 14. 31.9195 1.82397
130 505A 2.27 45.029 0.935913 2030. 150. 346.586 27.3621
60 124 2.296 45.502 1.15448 784. 285. 43.7896 6.38599
21 004 2.3 46.2112 1.2461 266. 117. 3.46681 0.456159
051 109A 2.346 46.8641 1.16259 539. 200. 6.84516 0.730151
080 413A 2.433 46.867 1.09682 584. 180. 8.58559 2.10073
90 812 2.452 47.364 1.13965 2000. 700. 47.5021 8.22152
120 716A 2.486 44.8287 0.944518 397. 40. 30.1538 0.274125
130 518A 2.488 45.181 0.942494 1382. 130. 192.805 18.2753
81 121 2.512 45.5879 0.934876 608. 42. 32.3534 3.65576
81 118 2.58 44.4939 0.943808 203.308 20. 13.9705 0.888677
80 721 2.591 46.1254 0.958853 1741. 227. 133.515 22.8622
50 820 2.615 45.9102 1.00661 1325. 277. 103.356 8.23186
30 429 2.65 45.6525 1.00258 128. 26. 2.28721 0.274465
120 811C 2.671 45.3823 0.943181 198. 19. 6.40514 0.640514
080 603B 2.69 46.1013 1.16024 277. 100. 6.03994 3.05658
91 029 2.752 45.5087 1.07352 230. 66. 7.96513 0.823979
81 222 2.77 46.0964 0.9302 630.344 31.2156 27.3822 2.74693
50 603 2.821 46.6406 0.937652 1333. 107. 64.1164 4.57975
110 731A 2.83 46.6737 0.930181 1164. 58. 49.4641 4.58001
111 107A 2.893 47.598 1.08191 420. 124. 3.7571 0.54982
50 401 2.8983 45.3038 1.02857 467. 110. 37.5723 7.33118
090 715B 3. 46.1498 1.10789 536. 172. 23.8409 3.66783
80 607 3.036 46.0503 0.959184 1691. 226. 199.938 11.0058
81 028 3.038 44.8963 1.19331 234. 93. 18.3432 1.83432
060 607A 3.075 46.7497 1.03846 478. 118. 11.9256 2.75205
20 124 3.2 45.7872 1.11734 448. 148. 28.4571 2.75391
60 526 3.22 45.5887 1.00027 105. 21. 2.7542 0.367227
80 810 3.35 47.5973 0.954116 1470. 180. 47.7705 5.51198
110 818A 3.36 47.7168 1.01118 1116. 240. 26.6425 2.75612
30 323 3.37 47.4274 1.22111 270. 113. 2.94001 0.918752
971 214 3.42 47.0429 0.996013 685. 133. 22.0553 2.75691
60 707 3.424 47.0792 1.05247 274. 72. 4.31924 1.10278
60 306 3.5 46.7831 1.23155 315. 135. 7.63024 1.01124
980 329 3.5 45.2884 0.974999 1096. 176. 266.599 53.3198
60 115 3.5328 46.978 1.1415 297. 102. 5.88442 3.7697
90 323 3.57 45.8457 0.986639 1901. 343. 437.725 53.3362
130 514A 3.6 45.6286 1.09246 497. 152. 52.4234 9.19708
130 408A 3.758 47.5053 0.963238 1000. 140. 34.9716 6.44214
120 802A 3.796 46.1613 1.12782 274. 93. 12.8862 2.76133
60 210 3.91 46.6447 1.11229 574. 187. 32.2294 1.84168
120 909A 3.93 47.0881 1.17098 1276. 483. 87.4863 10.13
60 206 4.0559 48.3284 1.27013 410. 187. 4.14595 1.93478
90 516 4.109 46.899 1.19876 971. 390. 71.8762 13.8223
120 712 4.1745 47.4784 1.00188 641. 130. 21.1989 1.84338
080 916C 4.35 47.145 0.960048 2760. 369. 406.692 85.765
1 31 4.5 46.1465 1.22279 987. 416. 183.6 32.2915
90 205 4.6497 49.1939 1.1254 214. 72. 0.8307 0.2769
60 927 5.46 47.1793 1.06039 275. 75. 12.0218 2.77427
50 904 6.295 49.5673 1.13213 3178. 1094. 133.364 13.8921
80 913 6.695 49.788 1.31553 710. 350. 9.1742 2.68739
90 423 8.1 49.2684 1.0345 410. 100. 8.81815 2.0653
090 429B 9.3 50.0158 0.959439 433. 58. 6.69027 1.30089